14 25 155 138 128 155 235 255 327 285 289 519 1010 505 254 105 44 29 14 13 9 7 6 6 6 6 6 6 6 7 9 7 6 6 6 6 6 6 6 6 6 6 6 6 6 6 7 11 15 18 31 160 130 101 6 1008 8 105 129 152 
28 156 136 130 155 1133 104 118 263 328 286 296 526 267 113 56 36 18 10 6 6 -10 -10 -10 -10 -10 -10 -10 -10 -10 6 -10 -10 -10 -10 -10 -10 -10 -10 -10 -10 -10 -10 -10 -10 -10 -10 10 11 13 14 35 159 125 107 -10 -10 -10 -10 31 
21 35 175 279 231 110 107 1139 165 161 188 266 287 122 61 47 25 16 11 9 1 -10 6 -3 0 1 -1 -1 0 -10 6 -10 10 11 11 11 11 11 11 11 10 9 5 7 3 6 -10 10 10 9 9 16 33 154 133 -10 9 7 -10 16 
12 17 38 184 285 234 229 150 133 153 192 79 122 61 47 44 23 14 14 8 -2 -10 1 -4 -4 0 1 0 1 -10 6 -10 10 11 11 11 11 11 11 11 11 10 7 6 2 7 -10 10 10 8 5 8 15 30 156 -10 9 7 -10 11 
8 9 19 43 184 283 281 133 144 172 49 47 61 47 44 160 30 20 16 -17 0 -10 3 -3 0 1 0 1 3 -10 6 -10 10 11 11 11 11 11 11 11 10 8 5 9 5 11 -10 10 11 10 8 5 10 16 32 -10 9 7 -10 6 
8 6 10 22 46 185 184 147 167 40 27 31 47 45 163 130 160 33 -33 -34 -18 -10 7 2 1 -1 -1 -1 -1 -10 6 -10 10 11 11 11 11 11 11 11 11 12 15 19 14 17 -10 9 10 10 10 10 11 14 16 -10 9 6 -10 4 
7 4 11 17 25 44 42 166 39 22 22 27 46 165 134 105 132 98 -72 -106 -36 -10 5 4 0 0 0 -1 -1 -10 6 -10 10 11 11 11 11 11 11 10 12 16 21 39 26 37 -10 6 6 6 6 6 6 6 8 -10 8 4 -10 2 
7 4 10 12 17 26 26 37 22 21 22 37 166 136 108 6 81 82 31 -64 -29 -10 5 9 1 2 2 0 -2 -10 5 -10 9 10 11 11 11 11 10 7 15 22 40 61 59 167 -10 -10 -10 -10 -10 -10 -10 -10 -10 -10 7 -10 -10 8 
7 4 10 11 12 17 17 21 20 21 35 161 137 110 13 1009 3 81 86 111 32 -10 11 8 5 5 3 -2 -6 -10 1 -10 6 7 10 11 11 10 7 6 16 39 57 134 197 156 116 11 1007 6 106 131 156 31 16 11 7 6 7 11 
7 4 10 11 11 12 11 10 9 12 18 35 160 135 108 2 100 127 135 37 17 -10 9 2 1 2 -1 -5 -10 -10 -3 -10 -10 -10 10 11 10 7 6 -4 22 42 109 263 124 -10 -10 -10 -10 -10 -10 -10 -10 -10 -10 -10 -10 -10 -10 16 
7 4 10 11 11 10 5 -1 -2 4 11 19 32 152 131 104 131 161 37 19 11 -10 4 1 1 4 1 -6 -23 -10 -15 -30 -18 -10 10 10 7 6 -4 -3 14 95 241 506 256 -10 260 110 50 35 20 15 11 10 10 10 9 7 -10 31 
7 4 10 11 10 6 1 -15 -3 1 6 10 13 24 150 129 157 33 16 10 4 -10 11 8 11 8 1 -17 -35 -10 -30 -90 -33 -10 9 7 6 -3 -1 -48 61 216 484 988 500 -10 509 257 106 46 31 16 11 7 6 6 6 6 -10 156 
6 -10 10 10 6 1 -15 -33 -10 -10 -10 -10 -10 -10 -10 -10 -10 -10 -10 -10 -10 -10 13 11 8 1 -16 -35 -98 -10 -90 110 -93 -10 5 1 -12 -21 -78 146 -80 48 170 481 234 -10 1006 -10 -10 -10 -10 -10 -10 -10 -10 -10 -10 6 -10 131 
6 -10 9 6 1 -14 -30 -93 -10 -26 -39 -95 108 9 1010 7 103 -96 -38 -14 3 6 9 8 1 -15 -32 -122 106 -10 109 9 107 -10 0 -13 -26 -87 126 130 103 -131 264 168 80 -10 506 -10 9 8 12 19 31 41 10 7 -10 6 -10 106 
6 -10 5 1 -14 -29 -90 107 -10 -10 -23 -33 -96 107 8 109 -96 -35 -21 -2 7 11 6 1 -14 -30 -117 54 -19 -10 6 1006 6 -10 -14 -26 -88 121 122 1084 8 313 181 -10 26 -10 256 -10 7 -10 -10 30 41 86 10 7 -10 6 -10 6 
6 -10 0 -14 -29 -89 110 7 -10 -5 -8 -18 -36 -96 107 -95 -34 -14 -2 7 11 6 1 -14 -29 -115 59 -94 957 -10 -10 -10 106 -10 3 -13 -19 21 180 -51 537 214 1476 -10 25 -10 106 -10 9 7 -10 40 86 221 10 7 -10 6 -10 1006 
6 -10 -15 -29 -89 111 10 1007 -10 -1 -2 -1 -17 -35 -92 -34 -18 3 7 12 11 10 6 1 -14 -29 -114 60 -18 106 -94 -10 -94 -10 10 19 115 69 -77 265 160 796 1042 -10 12 -10 48 -10 8 6 -10 84 221 411 360 7 -10 6 -10 6 
6 -10 0 -14 -29 -89 110 7 -10 1 3 5 2 -10 -24 -10 2 6 12 11 11 11 10 6 1 -14 -30 -118 -10 -10 -33 -10 -34 -10 20 127 85 -14 81 922 1029 235 827 -10 10 -10 30 -10 5 3 -10 215 410 1111 510 357 -10 6 -10 106 
6 -10 5 1 -14 -29 -90 107 -10 4 7 11 10 6 1 6 10 11 11 11 11 11 11 10 6 1 -15 -33 -10 -1 -18 -10 -18 -10 -10 -10 -10 -10 -10 78 97 282 202 -10 7 -10 6 -10 -10 -10 -10 1 356 510 1260 107 -10 6 -10 131 
6 -10 9 6 1 -14 -30 -93 -10 10 12 15 15 21 126 21 15 15 12 11 11 11 11 11 10 6 0 -17 -10 5 -3 -10 0 -19 -41 -19 5 -1 -10 -17 234 65 50 -10 6 -10 -5 -17 -28 -87 -29 -14 1 356 109 147 -10 5 -10 156 
6 -10 10 10 6 1 -15 -33 -10 11 15 16 26 135 91 135 26 16 15 12 11 11 11 11 11 10 6 1 6 9 2 -10 -20 -41 -93 -47 -25 2 -10 88 57 4 3 -10 6 -10 -23 -29 -87 111 -89 -29 -14 1 145 -69 -10 1 -10 30 
7 -10 9 10 9 5 -1 -19 -10 14 16 26 136 98 10 96 136 26 16 15 12 11 11 11 11 11 10 6 10 10 6 -10 8 -16 -41 -22 -2 2 -10 127 -10 -10 -10 -10 7 -10 -33 -87 111 11 111 -89 -29 -14 -75 -28 -10 -4 -10 11 
10 -10 6 6 6 5 0 -7 -10 14 25 135 97 11 113 11 96 111 26 16 15 12 11 11 11 11 11 10 11 10 7 -10 6 8 -19 1 -2 0 -10 19 -10 6 6 6 6 -10 -88 110 10 1010 10 110 -90 -30 -46 -24 -10 -19 -10 1 
12 -10 -10 -10 -10 -10 -10 -10 -10 21 131 93 7 104 1010 112 -15 45 110 25 15 14 11 11 11 10 10 10 10 9 7 -10 -10 -10 -10 -10 -10 -10 -10 10 -10 -10 -10 -10 6 -10 -31 -93 106 6 106 -94 -34 -19 -25 -11 -10 -34 -10 -18 
25 134 19 4 3 0 -2 -5 -6 -16 -14 50 222 99 1003 82 183 -44 -59 -34 1 2 6 9 9 7 6 6 6 6 6 6 6 6 6 5 3 -1 2 4 -2 -1 3 6 5 -10 -18 -10 -10 -10 -10 -10 -10 -10 -10 -10 -10 -93 -10 -34 
134 92 -10 -10 -10 -10 -10 -10 -10 -10 -10 -10 -10 -10 -10 -10 -10 -10 -10 -10 -10 -10 -10 5 3 -10 -10 -10 -10 -10 -10 -10 -10 -10 -10 -10 -10 -10 -10 -10 -10 -10 -10 -10 -10 -10 2 -10 10 11 11 10 6 1 -14 -29 -90 107 -10 -95 
94 7 -10 360 551 1036 521 265 108 46 32 20 16 21 18 60 153 209 -52 -7 -6 4 -10 -10 -10 -10 115 285 567 508 485 650 1156 661 266 82 -44 -3 -5 2 2 5 6 6 7 10 11 -10 10 11 10 6 1 -14 -29 -89 110 7 -10 101 
9 107 -10 360 361 551 285 117 -10 -10 -10 -10 -10 -10 -10 150 602 256 204 -54 -3 1 16 32 50 113 266 534 1177 671 460 356 641 386 231 -19 147 -75 -27 -10 -10 -10 -10 -10 -10 -10 30 -10 9 9 5 0 -15 -30 -90 110 9 1006 -10 -4 
109 1007 -10 550 360 360 150 72 -10 1010 11 111 -90 -33 -10 600 1002 1506 256 207 -51 -4 0 16 35 56 128 407 640 384 145 1140 260 180 80 286 45 124 -88 -10 -20 -30 -89 110 7 -10 46 -10 6 6 5 1 -4 -19 -34 -94 105 3 -10 981 
109 1007 -10 1034 547 358 149 72 -10 9 110 -90 -31 -18 -10 -10 -10 -10 -10 -10 -9 -9 2 7 16 35 54 128 410 236 161 46 176 76 282 41 1021 11 104 -10 -40 -94 110 10 1007 -10 107 -10 -10 -10 -10 -10 -10 -10 -10 -10 -10 -10 -10 -33 
234 107 -10 516 277 146 75 42 -10 106 -94 -34 -19 -5 -4 -4 -15 -30 -92 -10 -10 -10 -10 -10 -10 -10 -10 -10 -10 -10 -10 -10 -10 -10 -10 -10 -10 -10 -10 -10 -39 -40 -94 109 7 -10 259 107 45 26 6 -14 -32 -92 -39 -34 -38 -61 -134 6 
59 232 -10 262 114 75 45 23 -10 -10 -10 -10 -10 -10 -10 -10 -30 -89 111 11 113 -80 -30 81 -8 -4 15 12 10 9 1 2 -23 -44 -24 2 5 2 -3 -21 -41 -42 -41 -95 106 -10 506 -10 -10 -10 -10 -10 -10 106 -10 -10 -10 -30 -10 6 
-6 57 -10 108 50 45 26 16 7 1 -14 1 6 10 12 -10 -90 111 10 1007 -10 -31 81 17 86 -20 21 16 13 8 -2 -24 -46 -95 -49 -27 -5 -8 -19 -34 -98 -47 -43 -41 -98 -10 1006 -10 9 4 0 -1 -10 6 -10 6 -10 -9 -10 -34 
-7 -9 -10 48 32 26 16 7 1 -14 -29 -14 2 10 16 -10 -30 -89 110 7 -10 130 92 36 80 86 146 23 16 6 0 -2 -23 -43 -24 -4 -9 -21 -31 -87 105 -104 -46 -41 -43 -10 506 -10 24 -10 -10 -1 -10 1007 -10 6 -10 -1 -10 981 
1 -12 -10 34 18 15 7 1 -14 -29 -89 -28 -9 10 27 -10 -15 -29 -90 106 -10 116 86 -45 36 385 186 146 23 16 5 1 3 -22 3 -5 -17 -25 -83 126 7 102 -99 -40 -43 -10 256 -10 151 -10 -1 -1 -10 11 -10 6 -10 2 -10 -4 
-2 -6 -10 18 11 6 1 -14 -29 -90 112 -84 -19 10 37 -10 0 -14 -31 -98 -10 85 -20 936 260 231 335 186 146 22 13 5 2 3 -1 -14 -25 -81 126 149 1009 7 110 -95 -43 -10 106 -10 125 -10 -1 -1 -10 116 -10 5 -10 -1 -10 76 
3 -8 -10 18 4 3 -14 -29 -90 107 15 121 -64 10 82 -10 5 0 -21 -43 -10 104 36 260 231 1226 156 234 46 125 11 4 5 4 3 2 -9 -15 41 206 120 111 -89 -31 -23 -10 46 -10 97 -10 -10 -10 -10 -68 -10 1 -10 0 -10 -145 
-3 -9 -10 13 -1 -13 -27 -90 107 6 1016 35 151 10 217 -10 8 0 -13 -69 -10 160 245 131 326 136 1125 -86 74 112 151 31 18 11 5 7 12 116 46 -39 106 20 -29 -15 -4 -10 31 -10 -1 1002 2 98 106 116 -10 -4 -10 1 -10 -134 
-11 -23 -10 21 5 1 -14 -32 -94 96 26 146 10 220 482 -10 9 5 -10 -94 -10 34 156 236 161 195 -106 62 107 150 31 19 14 10 12 24 136 76 6 -179 51 -34 95 0 2 -10 16 -10 72 -10 -10 -10 -10 6 -10 -19 -10 3 -10 -70 
-41 -43 -10 41 23 12 0 -21 -45 -104 126 1 216 484 997 -10 9 7 -10 -199 -10 15 26 136 106 -54 36 87 141 26 19 17 16 16 20 140 85 26 -224 996 -154 126 -4 114 6 -10 11 -10 77 -10 2 4 -10 6 -10 -34 -10 -1 -10 -32 
-71 -118 -10 102 40 24 0 -22 -48 -119 -104 -14 76 245 501 -10 9 7 -10 55 -10 5 -5 -4 -79 226 12 111 6 10 11 11 9 4 -3 -14 81 -65 306 -124 996 76 246 -71 -24 -10 7 -10 53 -10 -3 -4 -10 6 -10 -94 -10 -1 -10 -6 
-191 67 -10 252 101 40 10 -24 -93 91 -118 -29 16 95 251 -10 9 7 -10 -19 -10 -15 -27 -80 116 12 251 -69 -20 -9 2 5 5 1 -14 -29 -89 221 35 306 1 216 -90 -30 -18 -10 5 -10 -29 -10 -2 0 -10 5 -10 106 -10 -1 -10 -2 
209 -93 -10 502 244 85 11 -65 115 3 96 -88 -9 24 97 -10 9 6 -10 1006 -10 -34 -95 114 11 1010 31 120 -84 -28 -15 -4 -4 -15 -29 -89 111 11 1121 35 356 -165 -59 -35 -12 -10 3 -10 -34 -10 3 -5 -10 3 -10 6 -10 -1 -10 -1 
9 1107 -10 997 479 220 11 150 31 1011 12 116 -79 -5 22 -10 8 4 -10 6 -10 -21 -38 -93 106 8 119 -84 -28 -14 1 5 5 1 -14 -29 -89 111 10 220 -166 -60 -35 -10 -4 -10 -1 -10 -28 -10 -10 -15 -10 -10 -10 1006 -10 -1 -10 -1 
1109 7 -10 502 244 85 10 -68 116 0 122 -84 -20 -4 22 -10 6 -10 -10 107 -10 -11 -26 -41 -99 106 -84 -28 -14 1 6 10 10 6 1 -14 -29 -90 107 -94 -64 -39 -13 -5 1 -10 -1 -10 -91 -39 -32 -35 -43 -95 105 3 -10 -1 -10 -1 
-92 207 -10 256 99 39 7 -24 -99 97 35 -14 -8 9 13 -10 6 -10 -31 -93 -10 -6 -11 -25 -35 -90 -28 -14 1 6 10 11 10 10 5 1 -15 -33 -10 -10 -10 -10 -10 -10 -10 -10 0 -10 106 -10 -10 -10 -10 -10 -10 -10 -10 0 -10 -1 
66 -194 -10 107 43 26 6 -24 -43 -39 56 111 16 11 15 -10 6 -10 -16 -33 -10 -2 -6 -8 -21 -28 -14 1 6 9 11 10 6 9 4 5 0 -18 -10 6 0 -1 -1 -1 0 2 2 -10 6 -10 9 10 10 11 11 10 7 1 -10 -1 
-122 -74 -10 47 28 15 -4 -13 36 196 -14 86 131 24 13 -10 6 -10 -1 -18 -10 0 1 -3 -9 -14 3 6 9 6 9 6 0 0 -3 4 4 -3 -10 6 -1 -10 -10 -10 -10 5 3 -10 1006 -10 6 6 7 10 11 9 8 3 -10 -1 
-45 -43 -10 31 16 0 -4 56 225 86 101 6 95 135 22 -10 6 -10 5 -3 -10 5 5 1 -1 -2 7 11 6 0 1 -1 -20 -12 -25 -1 4 1 -10 5 -4 -10 8 6 -10 -10 -10 -10 7 -10 -10 -10 -10 9 10 6 9 7 -10 -1 
-21 -13 -10 15 0 -5 60 234 103 1000 1006 110 11 95 132 -10 6 -10 13 3 -10 10 13 12 7 7 11 6 0 -19 -10 -24 -41 -66 -43 -19 -1 1 -10 2 -7 -10 5 1 -4 -19 -34 -94 106 -94 -34 -19 -4 1 4 1 5 6 -10 -1 
-3 -3 -10 10 5 -8 -5 58 228 105 110 11 96 135 21 -10 6 -10 19 11 -10 10 11 13 12 11 6 0 -20 -40 -45 -50 -144 -120 -139 -39 -20 -4 -10 -1 -17 -10 -10 -10 -10 -10 -10 -10 -10 -10 -10 -10 -10 -10 0 -14 0 2 -10 -2 
1 4 -10 10 6 5 -5 -7 54 234 11 96 136 24 9 -10 6 -10 34 16 -10 10 10 11 12 6 0 -20 -42 -121 -82 -167 10 -294 20 -139 -40 -23 -10 -15 -29 -89 111 11 1011 11 111 -89 -29 -14 1 5 6 -10 -15 -29 -15 -3 -10 -6 
1 6 6 6 5 3 4 -7 -10 60 96 136 25 12 -10 -10 6 -10 48 29 -10 9 6 9 6 0 -20 -42 -124 58 -220 27 -139 151 -119 70 -115 -43 -10 0 -14 -29 -90 110 10 110 -90 -30 -15 0 5 8 6 -10 -30 -89 -30 -18 -10 -10 
0 -10 -10 -10 -10 -10 5 3 -8 -5 135 26 15 11 -10 3 6 -10 105 40 -10 5 0 1 -1 -19 -40 -119 35 -114 170 -190 1071 -39 1101 -94 69 -118 -10 5 1 -15 -33 -94 106 -94 -34 -19 -4 1 5 5 3 -10 -90 111 -90 -33 -10 -21 
2 -10 9 7 5 -10 8 4 4 -8 22 14 13 10 -10 4 6 -10 253 100 -10 -1 -19 -9 -19 -31 -94 74 -71 934 -117 168 -190 171 -114 61 -120 -44 -10 9 5 -1 -10 -10 -10 -10 -10 -10 -10 -10 -10 -10 -10 -10 111 11 110 -93 -10 -30 
6 -10 6 -10 3 -10 7 3 2 -3 7 10 9 7 -10 5 3 -10 501 252 -10 -15 -30 -19 -9 -19 -57 -146 -5 -72 30 -218 31 -214 61 -119 -41 -23 -10 10 11 11 20 36 51 113 261 504 247 94 27 -2 -79 116 12 1011 10 107 -10 -73 
6 -10 6 -10 -10 -10 8 5 6 -2 4 3 3 6 -10 -10 -10 -10 1005 506 -10 -30 -89 -30 -19 -9 -19 -56 -144 75 -119 -79 -139 -79 -119 -40 -20 -4 -10 10 15 19 35 50 110 260 512 1011 506 256 102 25 -5 -80 115 11 109 -94 -10 256 
6 -10 6 6 6 6 6 6 5 2 2 1 2 9 28 47 108 256 505 253 -10 -90 111 -89 -30 -19 -9 -19 -56 -94 -40 -44 -49 -44 -40 -19 -1 2 -10 6 7 11 16 31 46 106 256 508 257 107 41 21 -9 -29 -93 106 -95 -37 -10 131 
6 -10 -10 -10 -10 -10 -10 -10 -10 -10 -10 -10 -10 -10 -10 -10 -10 -10 -10 -10 -10 110 10 110 -90 -31 -20 -10 -20 -32 -20 -11 -25 -11 -20 -1 4 8 -10 -10 -10 -10 -10 -10 -10 -10 -10 -10 -10 -10 -10 -10 -10 -10 -10 -10 -10 -10 -10 1106 
6 6 6 6 6 6 6 6 6 6 6 6 6 6 5 1 -4 -19 -34 -94 106 6 1006 6 106 -94 -35 -24 -14 -24 -6 -4 -6 -4 -5 1 7 6 0 -4 -4 0 1 -1 -1 -1 -1 -1 -1 -1 0 4 8 19 139 100 62 -94 1105 3 

