20.050120324273852
-5.016553530616369
1.9949689907685018
1.2523754631862523
1.5046180949985761
2.507204505551908
0.10028225259797052
0.050131214236435115
0.010028642346175011
10.026412728319746
-4.759005366964747
1.0026424192466294
-1.0030302905669575
-0.40138449712883684
-0.2507211758335114
-0.1002793052352219
-0.05010954289188125
-0.010026794437946879
0.030085616337384352
0.020064252053106038
0.010025143909712797
1.1204574564599908e-05
1.5949693746773223e-05
1.5124222174003807e-05
1.396912265049129e-05
1.489253979853527e-05
1.2850718993551153e-05
-0.9985728238182328
-0.501222012340413
-0.2506234431942912
-1.1364424134074028e-05
1.3476952823147665e-05
1.401575194188137e-05
1.53527989917695e-05
-9.890235788060919e-06
1.360438451473556e-05
10.023744106242304
5.014310075054048
2.5079640698904226
1.003323968020461
0.4011196509352244
0.2506904613909797
0.1003119719099718
0.04974205308097586
0.010025626250909142